   0.00   0.00   1.50   4.50    40
 ----------------------------------------------
  -4.5000000000000000        4.2123070092886461E-002   5.1706126850591195E-003
  -3.5000000000000000       0.26016278399313786        3.1935017749866845E-002
  -2.5000000000000000       0.73205059001215467        8.9859311262810285E-002
  -1.5000000000000000        1.3158147879753583       0.16151644737411286     
 -0.50000000000000000        1.7231639298418282       0.21151861092815089     
  0.50000000000000000        1.7231639298418280       0.21151861092815086     
   1.5000000000000000        1.3158147879753586       0.16151644737411289     
   2.5000000000000000       0.73205059001215467        8.9859311262810285E-002
   3.5000000000000000       0.26016278399313786        3.1935017749866845E-002
   4.5000000000000000        4.2123070092886461E-002   5.1706126850591195E-003
 ----------------------------------------------
 Totals =        8.1466303238307312        1.0000000000000000     

   0.00   0.00   0.50   4.50    20
 ----------------------------------------------
  -4.5000000000000000        1.5260735899200552E-002   3.0594597971961079E-002
  -3.5000000000000000        5.9619569584287269E-002  0.11952482335980807     
  -2.5000000000000000        8.3706449243256542E-002  0.16781400183931880     
  -1.5000000000000000        6.1235075439708971E-002  0.12276357622824381     
 -0.50000000000000000        2.9580628286939362E-002   5.9303000600668232E-002
  0.50000000000000000        2.9580628286939362E-002   5.9303000600668232E-002
   1.5000000000000000        6.1235075439708971E-002  0.12276357622824381     
   2.5000000000000000        8.3706449243256542E-002  0.16781400183931880     
   3.5000000000000000        5.9619569584287269E-002  0.11952482335980807     
   4.5000000000000000        1.5260735899200552E-002   3.0594597971961079E-002
 ----------------------------------------------
 Totals =       0.49880491690678541        1.0000000000000002     

   0.00   0.00   1.50   4.50    40
 ----------------------------------------------
  -4.5000000000000000        1.8446692814162616E-003   4.5556802023969424E-003
  -3.5000000000000000        1.2072780528683625E-002   2.9815494732031718E-002
  -2.5000000000000000        3.5489734981048258E-002   8.7647083772840070E-002
  -1.5000000000000000        6.5691725646136109E-002  0.16223531068811756     
 -0.50000000000000000        8.7359251622214640E-002  0.21574643060461376     
  0.50000000000000000        8.7359251622214626E-002  0.21574643060461371     
   1.5000000000000000        6.5691725646136109E-002  0.16223531068811756     
   2.5000000000000000        3.5489734981048252E-002   8.7647083772840056E-002
   3.5000000000000000        1.2072780528683626E-002   2.9815494732031721E-002
   4.5000000000000000        1.8446692814162611E-003   4.5556802023969415E-003
 ----------------------------------------------
 Totals =       0.40491632411899775        1.0000000000000000     

 Sum of all states 
 ----------------------------------------------
  -4.5000000000000000        5.9228475273503271E-002   6.5443286759703113E-003
  -3.5000000000000000       0.33185513410610873        3.6667651165589829E-002
  -2.5000000000000000       0.85124677423645945        9.4056763224750511E-002
  -1.5000000000000000        1.4427415890612034       0.15941276741817673     
 -0.50000000000000000        1.8401038097509821       0.20331848951551257     
  0.50000000000000000        1.8401038097509819       0.20331848951551254     
   1.5000000000000000        1.4427415890612036       0.15941276741817675     
   2.5000000000000000       0.85124677423645945        9.4056763224750511E-002
   3.5000000000000000       0.33185513410610873        3.6667651165589829E-002
   4.5000000000000000        5.9228475273503271E-002   6.5443286759703113E-003
 ----------------------------------------------
 Totals =        9.0503515648565145       0.99999999999999989     

 kmax =            9
 Rose and Brink B_K coefficients are
 ----------------------------------------------
           0  0.99999999999999989     
           2 -0.70074568299668860     
           4  0.21879927294250015     
           6  -2.7871570891763769E-002
           8   1.6447236647014307E-003
 ----------------------------------------------

